4.855155646800994873e-01 -3.167597204446792603e-02
4.826499521732330322e-01 -3.212680667638778687e-02
4.795446097850799561e-01 -3.253749012947082520e-02
4.761755168437957764e-01 -3.285402059555053711e-02
4.726093709468841553e-01 -3.318193554878234863e-02
4.688996970653533936e-01 -3.351762145757675171e-02
4.649721682071685791e-01 -3.381389752030372620e-02
4.608915746212005615e-01 -3.407560288906097412e-02
4.565406739711761475e-01 -3.431970253586769104e-02
4.519895613193511963e-01 -3.454109653830528259e-02
4.473241865634918213e-01 -3.477223217487335205e-02
4.424316883087158203e-01 -3.495666012167930603e-02
4.373359680175781250e-01 -3.517867624759674072e-02
4.320354461669921875e-01 -3.533951565623283386e-02
4.266478717327117920e-01 -3.552583977580070496e-02
4.210298061370849609e-01 -3.570530563592910767e-02
4.152355194091796875e-01 -3.586632758378982544e-02
4.092219471931457520e-01 -3.603485599160194397e-02
4.031868577003479004e-01 -3.620954975485801697e-02
3.968099951744079590e-01 -3.640414029359817505e-02
3.903774023056030273e-01 -3.656254708766937256e-02
3.837088942527770996e-01 -3.671657294034957886e-02
3.769157528877258301e-01 -3.692132979631423950e-02
3.698814809322357178e-01 -3.710988163948059082e-02
3.630204200744628906e-01 -3.728476539254188538e-02
3.556506335735321045e-01 -3.752911835908889771e-02
3.484038710594177246e-01 -3.774236142635345459e-02
3.407326936721801758e-01 -3.800758719444274902e-02
3.330391049385070801e-01 -3.824907913804054260e-02
3.250752389430999756e-01 -3.852648660540580750e-02
3.172290921211242676e-01 -3.881789743900299072e-02
3.090287446975708008e-01 -3.907276690006256104e-02
3.008702397346496582e-01 -3.941144049167633057e-02
2.925487160682678223e-01 -3.979541361331939697e-02
2.842724919319152832e-01 -4.011753201484680176e-02
2.753294408321380615e-01 -4.053988307714462280e-02
2.668031752109527588e-01 -4.090666770935058594e-02
2.579106986522674561e-01 -4.138647764921188354e-02
2.491334080696105957e-01 -4.185781627893447876e-02
2.397092580795288086e-01 -4.229783639311790466e-02
2.305753827095031738e-01 -4.278293251991271973e-02
2.213672548532485962e-01 -4.333491623401641846e-02
2.120320200920104980e-01 -4.383474960923194885e-02
2.027666270732879639e-01 -4.443065077066421509e-02
1.931129693984985352e-01 -4.503655433654785156e-02
1.836154162883758545e-01 -4.568819701671600342e-02
1.741455197334289551e-01 -4.639814794063568115e-02
1.639368683099746704e-01 -4.710004106163978577e-02
1.540352404117584229e-01 -4.781804233789443970e-02
1.438679993152618408e-01 -4.847408086061477661e-02
1.341507434844970703e-01 -4.924170672893524170e-02
1.241229996085166931e-01 -5.005487054586410522e-02
1.137506440281867981e-01 -5.073378980159759521e-02
1.038053408265113831e-01 -5.164810642600059509e-02
9.336743503808975220e-02 -5.248959735035896301e-02
8.315887302160263062e-02 -5.334104597568511963e-02
7.272606343030929565e-02 -5.413316190242767334e-02
6.197605282068252563e-02 -5.503605678677558899e-02
5.185941606760025024e-02 -5.595778301358222961e-02
4.119667410850524902e-02 -5.685431510210037231e-02
3.088993951678276062e-02 -5.779908597469329834e-02
2.024486660957336426e-02 -5.879716947674751282e-02
9.635295718908309937e-03 -5.982621759176254272e-02
-9.872652590274810791e-04 -6.072422489523887634e-02
-1.159751415252685547e-02 -6.164164841175079346e-02
-2.216068655252456665e-02 -6.272447109222412109e-02
-3.295432776212692261e-02 -6.374653428792953491e-02
-4.348230734467506409e-02 -6.474088877439498901e-02
-5.409105867147445679e-02 -6.569734215736389160e-02
-6.483538448810577393e-02 -6.664101779460906982e-02
-7.511846721172332764e-02 -6.764725595712661743e-02
-8.601551502943038940e-02 -6.855332851409912109e-02
-9.667242318391799927e-02 -6.942687183618545532e-02
-1.072532311081886292e-01 -7.054188847541809082e-02
-1.179580017924308777e-01 -7.138626277446746826e-02
-1.282547414302825928e-01 -7.228679209947586060e-02
-1.388525068759918213e-01 -7.331892848014831543e-02
-1.491647362709045410e-01 -7.410546392202377319e-02
-1.597269922494888306e-01 -7.495022565126419067e-02
-1.700412333011627197e-01 -7.579266279935836792e-02
-1.802455484867095947e-01 -7.662529498338699341e-02
-1.906747817993164062e-01 -7.733718305826187134e-02
-2.006137222051620483e-01 -7.810997217893600464e-02
-2.112998515367507935e-01 -7.877785712480545044e-02
-2.208384126424789429e-01 -7.951781898736953735e-02
-2.306149452924728394e-01 -8.008851855993270874e-02
-2.404280304908752441e-01 -8.061776310205459595e-02
-2.504353225231170654e-01 -8.114954084157943726e-02
-2.599802613258361816e-01 -8.162467181682586670e-02
-2.692545652389526367e-01 -8.189523965120315552e-02
-2.791717052459716797e-01 -8.233770728111267090e-02
-2.884900271892547607e-01 -8.257226645946502686e-02
-2.978936433792114258e-01 -8.284871280193328857e-02
-3.066135942935943604e-01 -8.287682384252548218e-02
-3.156880736351013184e-01 -8.284638077020645142e-02
-3.243764638900756836e-01 -8.280779421329498291e-02
-3.334606587886810303e-01 -8.271429687738418579e-02
-3.418869674205780029e-01 -8.246204257011413574e-02
-3.503499627113342285e-01 -8.224221318960189819e-02
-3.583612442016601562e-01 -8.195406943559646606e-02
-3.664345741271972656e-01 -8.145047724246978760e-02
-3.743098974227905273e-01 -8.089171350002288818e-02
-3.821795284748077393e-01 -8.014786988496780396e-02
-3.898110389709472656e-01 -7.940409332513809204e-02
-3.968326747417449951e-01 -7.852832973003387451e-02
-4.040645360946655273e-01 -7.763943821191787720e-02
-4.110527932643890381e-01 -7.657155394554138184e-02
-4.176744818687438965e-01 -7.530800998210906982e-02
-4.241779744625091553e-01 -7.407557964324951172e-02
-4.304140806198120117e-01 -7.274892926216125488e-02
-4.363619387149810791e-01 -7.113471627235412598e-02
-4.422394633293151855e-01 -6.964944303035736084e-02
-4.478977024555206299e-01 -6.788013130426406860e-02
-4.531068205833435059e-01 -6.598945707082748413e-02
-4.582095742225646973e-01 -6.409550458192825317e-02
-4.629135727882385254e-01 -6.206041574478149414e-02
-4.674658775329589844e-01 -5.980452895164489746e-02
-4.716046452522277832e-01 -5.753640830516815186e-02
-4.756135046482086182e-01 -5.511860549449920654e-02
-4.791547060012817383e-01 -5.249837040901184082e-02
-4.824829995632171631e-01 -5.003231763839721680e-02
-4.855788946151733398e-01 -4.730436950922012329e-02
-4.882484674453735352e-01 -4.434064775705337524e-02
-4.905672073364257812e-01 -4.141009971499443054e-02
-4.927548468112945557e-01 -3.830396384000778198e-02
-4.943763017654418945e-01 -3.511353582143783569e-02
-4.958807229995727539e-01 -3.181517496705055237e-02
-4.968762397766113281e-01 -2.850857377052307129e-02
-4.975962042808532715e-01 -2.499460428953170776e-02
-4.980095028877258301e-01 -2.150407806038856506e-02
-4.979991912841796875e-01 -1.783561147749423981e-02
-4.976361989974975586e-01 -1.415842492133378983e-02
-4.968108534812927246e-01 -1.040578167885541916e-02
-4.958077073097229004e-01 -6.561949849128723145e-03
-4.943005740642547607e-01 -2.685338258743286133e-03
-4.924852550029754639e-01 1.328906044363975525e-03
-4.903729856014251709e-01 5.291446112096309662e-03
-4.876674115657806396e-01 9.395810775458812714e-03
-4.847787320613861084e-01 1.344817411154508591e-02
-4.814072549343109131e-01 1.760787516832351685e-02
-4.777482748031616211e-01 2.177539467811584473e-02
-4.736360907554626465e-01 2.583394199609756470e-02
-4.691068828105926514e-01 3.002634644508361816e-02
-4.642381072044372559e-01 3.422049432992935181e-02
-4.589008688926696777e-01 3.836208581924438477e-02
-4.534318149089813232e-01 4.250276088714599609e-02
-4.473970234394073486e-01 4.661076515913009644e-02
-4.411160647869110107e-01 5.064916238188743591e-02
-4.343498945236206055e-01 5.475263297557830811e-02
-4.270598590373992920e-01 5.881508812308311462e-02
-4.197937846183776855e-01 6.270509213209152222e-02
-4.121266603469848633e-01 6.662685424089431763e-02
-4.038434922695159912e-01 7.041277736425399780e-02
-3.953154981136322021e-01 7.414475828409194946e-02
-3.863522112369537354e-01 7.771977037191390991e-02
-3.774299621582031250e-01 8.136607706546783447e-02
-3.678787648677825928e-01 8.472818136215209961e-02
-3.579305410385131836e-01 8.815795928239822388e-02
-3.480178713798522949e-01 9.125068783760070801e-02
-3.376151919364929199e-01 9.441174566745758057e-02
-3.269982337951660156e-01 9.733644872903823853e-02
-3.160310387611389160e-01 1.002397835254669189e-01
-3.048392534255981445e-01 1.030495688319206238e-01
-2.935045957565307617e-01 1.055160760879516602e-01
-2.818511128425598145e-01 1.080063506960868835e-01
-2.697098255157470703e-01 1.101417243480682373e-01
-2.577426731586456299e-01 1.122540459036827087e-01
-2.453786134719848633e-01 1.142423897981643677e-01
-2.329243868589401245e-01 1.159918308258056641e-01
-2.201139479875564575e-01 1.174774616956710815e-01
-2.074844688177108765e-01 1.190965548157691956e-01
-1.946350932121276855e-01 1.202971339225769043e-01
-1.812340915203094482e-01 1.212847977876663208e-01
-1.680941879749298096e-01 1.223706379532814026e-01
-1.546833664178848267e-01 1.230803355574607849e-01
-1.412254720926284790e-01 1.237300410866737366e-01
-1.276851892471313477e-01 1.241412833333015442e-01
-1.141838431358337402e-01 1.242028623819351196e-01
-1.003868132829666138e-01 1.243316978216171265e-01
-8.668631315231323242e-02 1.244585961103439331e-01
-7.299103587865829468e-02 1.239377856254577637e-01
-5.934113636612892151e-02 1.235966980457305908e-01
-4.545019939541816711e-02 1.231410652399063110e-01
-3.172301501035690308e-02 1.223255395889282227e-01
-1.817326992750167847e-02 1.214617416262626648e-01
-4.224769771099090576e-03 1.205708235502243042e-01
9.441018104553222656e-03 1.194085553288459778e-01
2.298575639724731445e-02 1.179612800478935242e-01
3.664864599704742432e-02 1.166167259216308594e-01
4.959589242935180664e-02 1.150998175144195557e-01
6.314854323863983154e-02 1.133618280291557312e-01
7.658505439758300781e-02 1.116457134485244751e-01
8.960887789726257324e-02 1.098188161849975586e-01
1.026345044374465942e-01 1.077666878700256348e-01
1.154345199465751648e-01 1.055830866098403931e-01
1.283841133117675781e-01 1.034517586231231689e-01
1.408916264772415161e-01 1.012659147381782532e-01
1.536391973495483398e-01 9.888224303722381592e-02
1.659123301506042480e-01 9.631268680095672607e-02
1.780241429805755615e-01 9.380070865154266357e-02
1.902189552783966064e-01 9.132339805364608765e-02
2.020861953496932983e-01 8.873341977596282959e-02
2.134627699851989746e-01 8.604468405246734619e-02
2.252475470304489136e-01 8.325710892677307129e-02
2.367286384105682373e-01 8.058431744575500488e-02
2.475090920925140381e-01 7.769088447093963623e-02
2.586048543453216553e-01 7.489009201526641846e-02
2.692932188510894775e-01 7.203543186187744141e-02
2.795462906360626221e-01 6.922356784343719482e-02
2.899873852729797363e-01 6.627260893583297729e-02
3.000414967536926270e-01 6.341633200645446777e-02
3.097620010375976562e-01 6.048143282532691956e-02
3.194500803947448730e-01 5.764872580766677856e-02
3.287473320960998535e-01 5.477851629257202148e-02
3.377732336521148682e-01 5.190662667155265808e-02
3.467045426368713379e-01 4.901827126741409302e-02
3.553911447525024414e-01 4.619578272104263306e-02
3.638005554676055908e-01 4.343762248754501343e-02
3.720267415046691895e-01 4.060135036706924438e-02
3.799832463264465332e-01 3.776787966489791870e-02
3.877913653850555420e-01 3.513684868812561035e-02
3.951887786388397217e-01 3.243545442819595337e-02
4.023058414459228516e-01 2.981507778167724609e-02
4.092507958412170410e-01 2.714112773537635803e-02
4.159697294235229492e-01 2.464186027646064758e-02
4.224396347999572754e-01 2.208353392779827118e-02
4.286831617355346680e-01 1.962662115693092346e-02
4.346676468849182129e-01 1.723731309175491333e-02
4.403836727142333984e-01 1.487271208316087723e-02
4.458126127719879150e-01 1.254158187657594681e-02
4.510616064071655273e-01 1.030477695167064667e-02
4.560453295707702637e-01 8.104625158011913300e-03
4.607793986797332764e-01 5.957385525107383728e-03
4.652295708656311035e-01 3.881820011883974075e-03
4.694417417049407959e-01 1.875841058790683746e-03
4.734862446784973145e-01 -2.852547913789749146e-05
4.771872162818908691e-01 -1.947851385921239853e-03
4.806833863258361816e-01 -3.778130747377872467e-03
4.838743805885314941e-01 -5.558340810239315033e-03
4.868498444557189941e-01 -7.270485628396272659e-03
4.895853102207183838e-01 -8.916751481592655182e-03
4.920762479305267334e-01 -1.047732029110193253e-02
4.943726360797882080e-01 -1.203254237771034241e-02
4.963347613811492920e-01 -1.346294302493333817e-02
4.981677532196044922e-01 -1.487452536821365356e-02
4.996325373649597168e-01 -1.619978249073028564e-02
5.009852647781372070e-01 -1.751234196126461029e-02
5.020561218261718750e-01 -1.878008246421813965e-02
