1.917128443717956543e+00 -7.225269079208374023e-01
1.915117383003234863e+00 -7.281140685081481934e-01
1.912732481956481934e+00 -7.302213907241821289e-01
1.910500288009643555e+00 -7.342893481254577637e-01
1.906849503517150879e+00 -7.388262748718261719e-01
1.901562094688415527e+00 -7.445124983787536621e-01
1.895093321800231934e+00 -7.501412034034729004e-01
1.889319062232971191e+00 -7.534009814262390137e-01
1.879490971565246582e+00 -7.557567954063415527e-01
1.870573878288269043e+00 -7.585102915763854980e-01
1.860407471656799316e+00 -7.624496221542358398e-01
1.850143671035766602e+00 -7.646995186805725098e-01
1.839498162269592285e+00 -7.680908441543579102e-01
1.828566431999206543e+00 -7.722921967506408691e-01
1.817145705223083496e+00 -7.737236618995666504e-01
1.805864572525024414e+00 -7.770957350730895996e-01
1.793657064437866211e+00 -7.798323035240173340e-01
1.777390837669372559e+00 -7.822097539901733398e-01
1.763388037681579590e+00 -7.854009866714477539e-01
1.749384760856628418e+00 -7.865656614303588867e-01
1.733807682991027832e+00 -7.898544669151306152e-01
1.717614769935607910e+00 -7.934202551841735840e-01
1.702766418457031250e+00 -7.977192997932434082e-01
1.686195015907287598e+00 -8.016365170478820801e-01
1.670359373092651367e+00 -8.046768903732299805e-01
1.652295827865600586e+00 -8.094325661659240723e-01
1.635743737220764160e+00 -8.124405741691589355e-01
1.618955492973327637e+00 -8.129227757453918457e-01
1.600869774818420410e+00 -8.173055648803710938e-01
1.580688595771789551e+00 -8.213468790054321289e-01
1.561713099479675293e+00 -8.267015814781188965e-01
1.543569326400756836e+00 -8.300969004631042480e-01
1.522990942001342773e+00 -8.342792391777038574e-01
1.502549171447753906e+00 -8.384523391723632812e-01
1.482729792594909668e+00 -8.428114056587219238e-01
1.461865186691284180e+00 -8.471597433090209961e-01
1.439864277839660645e+00 -8.500863909721374512e-01
1.418391942977905273e+00 -8.531635403633117676e-01
1.396126389503479004e+00 -8.585638999938964844e-01
1.373327374458312988e+00 -8.627435564994812012e-01
1.349858522415161133e+00 -8.679892420768737793e-01
1.325832366943359375e+00 -8.727635145187377930e-01
1.303260207176208496e+00 -8.774557709693908691e-01
1.279526472091674805e+00 -8.813014626502990723e-01
1.253969788551330566e+00 -8.877153992652893066e-01
1.230637311935424805e+00 -8.929906487464904785e-01
1.205839991569519043e+00 -8.982220888137817383e-01
1.179894685745239258e+00 -9.049612879753112793e-01
1.154458642005920410e+00 -9.110044836997985840e-01
1.128018498420715332e+00 -9.155580401420593262e-01
1.101518392562866211e+00 -9.235182404518127441e-01
1.074351906776428223e+00 -9.295793771743774414e-01
1.047955870628356934e+00 -9.351092576980590820e-01
1.021350622177124023e+00 -9.418632388114929199e-01
9.944401979446411133e-01 -9.470065236091613770e-01
9.662682414054870605e-01 -9.542219042778015137e-01
9.378086328506469727e-01 -9.599519968032836914e-01
9.106475710868835449e-01 -9.647416472434997559e-01
8.813804388046264648e-01 -9.669541716575622559e-01
8.515691161155700684e-01 -9.725604057312011719e-01
8.223110437393188477e-01 -9.780201315879821777e-01
7.932443022727966309e-01 -9.822412729263305664e-01
7.642732858657836914e-01 -9.856970906257629395e-01
7.346611618995666504e-01 -9.915665388107299805e-01
7.034155726432800293e-01 -9.936519265174865723e-01
6.729286313056945801e-01 -9.991154670715332031e-01
6.411370635032653809e-01 -1.003509283065795898e+00
6.099408268928527832e-01 -1.006494641304016113e+00
5.796177983283996582e-01 -1.012268304824829102e+00
5.492971539497375488e-01 -1.016829967498779297e+00
5.169748663902282715e-01 -1.020414233207702637e+00
4.841314256191253662e-01 -1.023687601089477539e+00
4.539840817451477051e-01 -1.029815912246704102e+00
4.241256117820739746e-01 -1.034272789955139160e+00
3.922549188137054443e-01 -1.038020491600036621e+00
3.597404658794403076e-01 -1.040742278099060059e+00
3.275253474712371826e-01 -1.043723583221435547e+00
2.961686551570892334e-01 -1.047619104385375977e+00
2.658873498439788818e-01 -1.051805019378662109e+00
2.362097799777984619e-01 -1.052935242652893066e+00
2.055797278881072998e-01 -1.055159687995910645e+00
1.750106960535049438e-01 -1.057219028472900391e+00
1.434363871812820435e-01 -1.056727528572082520e+00
1.122841835021972656e-01 -1.057460904121398926e+00
8.183341473340988159e-02 -1.058630824089050293e+00
5.188287422060966492e-02 -1.060352087020874023e+00
2.153246663510799408e-02 -1.058225870132446289e+00
-9.520431980490684509e-03 -1.057771086692810059e+00
-3.830601647496223450e-02 -1.056820750236511230e+00
-6.674741953611373901e-02 -1.056640028953552246e+00
-9.548396617174148560e-02 -1.054779052734375000e+00
-1.248301640152931213e-01 -1.051886439323425293e+00
-1.513564288616180420e-01 -1.047316670417785645e+00
-1.803749948740005493e-01 -1.043779492378234863e+00
-2.089278846979141235e-01 -1.039353728294372559e+00
-2.369516342878341675e-01 -1.034922242164611816e+00
-2.628680765628814697e-01 -1.030899047851562500e+00
-2.898484766483306885e-01 -1.027289271354675293e+00
-3.145422041416168213e-01 -1.021923899650573730e+00
-3.395787775516510010e-01 -1.015076994895935059e+00
-3.633473217487335205e-01 -1.009655356407165527e+00
-3.863422870635986328e-01 -1.001666665077209473e+00
-4.098601341247558594e-01 -9.935785531997680664e-01
-4.331107735633850098e-01 -9.850373864173889160e-01
-4.551386237144470215e-01 -9.770125150680541992e-01
-4.749238789081573486e-01 -9.679256081581115723e-01
-4.966830611228942871e-01 -9.598718881607055664e-01
-5.154977440834045410e-01 -9.506970643997192383e-01
-5.335461497306823730e-01 -9.417170286178588867e-01
-5.505407452583312988e-01 -9.313163757324218750e-01
-5.689663290977478027e-01 -9.212841391563415527e-01
-5.845727920532226562e-01 -9.080166816711425781e-01
-5.999730229377746582e-01 -8.972882628440856934e-01
-6.141978502273559570e-01 -8.868178129196166992e-01
-6.285761594772338867e-01 -8.755659461021423340e-01
-6.427448391914367676e-01 -8.635730147361755371e-01
-6.536077260971069336e-01 -8.516485095024108887e-01
-6.641815304756164551e-01 -8.388586640357971191e-01
-6.739712357521057129e-01 -8.262309432029724121e-01
-6.825519204139709473e-01 -8.128760457038879395e-01
-6.896557807922363281e-01 -7.989498972892761230e-01
-6.960497498512268066e-01 -7.852321863174438477e-01
-7.012218832969665527e-01 -7.714222669601440430e-01
-7.049781680107116699e-01 -7.589794397354125977e-01
-7.073407769203186035e-01 -7.443346381187438965e-01
-7.090895771980285645e-01 -7.307388186454772949e-01
-7.091399431228637695e-01 -7.152170538902282715e-01
-7.103487849235534668e-01 -7.005581855773925781e-01
-7.082831263542175293e-01 -6.863657832145690918e-01
-7.051509022712707520e-01 -6.723318099975585938e-01
-7.029632925987243652e-01 -6.563806533813476562e-01
-6.979089379310607910e-01 -6.421417593955993652e-01
-6.907650232315063477e-01 -6.268123984336853027e-01
-6.844106316566467285e-01 -6.124671101570129395e-01
-6.758880615234375000e-01 -5.988804101943969727e-01
-6.674768328666687012e-01 -5.842542648315429688e-01
-6.563667654991149902e-01 -5.693179965019226074e-01
-6.449554562568664551e-01 -5.542225241661071777e-01
-6.319852471351623535e-01 -5.398082137107849121e-01
-6.183237433433532715e-01 -5.268846750259399414e-01
-6.042824983596801758e-01 -5.139044523239135742e-01
-5.854635834693908691e-01 -5.006278157234191895e-01
-5.684992074966430664e-01 -4.872909188270568848e-01
-5.489876866340637207e-01 -4.763503968715667725e-01
-5.283449292182922363e-01 -4.649319350719451904e-01
-5.073728561401367188e-01 -4.530089795589447021e-01
-4.868502914905548096e-01 -4.429296851158142090e-01
-4.650093913078308105e-01 -4.324818551540374756e-01
-4.427737891674041748e-01 -4.217286109924316406e-01
-4.180563092231750488e-01 -4.123968482017517090e-01
-3.938603997230529785e-01 -4.032458961009979248e-01
-3.685654103755950928e-01 -3.953010737895965576e-01
-3.413908481597900391e-01 -3.864282965660095215e-01
-3.150804340839385986e-01 -3.775443434715270996e-01
-2.874457240104675293e-01 -3.702885806560516357e-01
-2.610384523868560791e-01 -3.652835488319396973e-01
-2.330763190984725952e-01 -3.596012294292449951e-01
-2.062269449234008789e-01 -3.526308834552764893e-01
-1.766375005245208740e-01 -3.489470183849334717e-01
-1.486010700464248657e-01 -3.436222374439239502e-01
-1.186910793185234070e-01 -3.395151495933532715e-01
-8.647004514932632446e-02 -3.362397253513336182e-01
-5.407346040010452271e-02 -3.333283960819244385e-01
-2.232073247432708740e-02 -3.321469724178314209e-01
9.386623278260231018e-03 -3.305810093879699707e-01
4.278666153550148010e-02 -3.272893726825714111e-01
7.280707359313964844e-02 -3.275030553340911865e-01
1.068150773644447327e-01 -3.275862336158752441e-01
1.371408998966217041e-01 -3.293412029743194580e-01
1.695505678653717041e-01 -3.285225033760070801e-01
2.031977027654647827e-01 -3.282099366188049316e-01
2.370419800281524658e-01 -3.294578194618225098e-01
2.709083259105682373e-01 -3.310748636722564697e-01
3.065192103385925293e-01 -3.341912627220153809e-01
3.411242961883544922e-01 -3.359970450401306152e-01
3.747242391109466553e-01 -3.379350602626800537e-01
4.062078595161437988e-01 -3.416183888912200928e-01
4.387597441673278809e-01 -3.446354269981384277e-01
4.708196520805358887e-01 -3.484103977680206299e-01
5.023223757743835449e-01 -3.529462814331054688e-01
5.374686121940612793e-01 -3.567730486392974854e-01
5.693681836128234863e-01 -3.635564744472503662e-01
6.042318940162658691e-01 -3.665413856506347656e-01
6.380289793014526367e-01 -3.714042603969573975e-01
6.706104278564453125e-01 -3.772701919078826904e-01
7.039801478385925293e-01 -3.822712004184722900e-01
7.342212796211242676e-01 -3.874800503253936768e-01
7.667973637580871582e-01 -3.935144543647766113e-01
7.973513007164001465e-01 -3.994869291782379150e-01
8.273257613182067871e-01 -4.077429175376892090e-01
8.589906096458435059e-01 -4.138925373554229736e-01
8.910899162292480469e-01 -4.203486442565917969e-01
9.229279160499572754e-01 -4.275536239147186279e-01
9.539605975151062012e-01 -4.347436130046844482e-01
9.824327826499938965e-01 -4.420933127403259277e-01
1.012206792831420898e+00 -4.471252262592315674e-01
1.041644692420959473e+00 -4.535695910453796387e-01
1.070342302322387695e+00 -4.597118496894836426e-01
1.097952723503112793e+00 -4.664763808250427246e-01
1.124905228614807129e+00 -4.745547771453857422e-01
1.154008746147155762e+00 -4.802141487598419189e-01
1.179619193077087402e+00 -4.872245192527770996e-01
1.205687522888183594e+00 -4.937832653522491455e-01
1.232312083244323730e+00 -4.987616539001464844e-01
1.259168982505798340e+00 -5.054689645767211914e-01
1.283440709114074707e+00 -5.124049186706542969e-01
1.309390783309936523e+00 -5.180979967117309570e-01
1.333877563476562500e+00 -5.238550305366516113e-01
1.359066367149353027e+00 -5.295845866203308105e-01
1.383586168289184570e+00 -5.349915623664855957e-01
1.407087564468383789e+00 -5.411905050277709961e-01
1.429921984672546387e+00 -5.471658110618591309e-01
1.453703165054321289e+00 -5.527641177177429199e-01
1.475957155227661133e+00 -5.585220456123352051e-01
1.497638940811157227e+00 -5.661771893501281738e-01
1.518450975418090820e+00 -5.712189078330993652e-01
1.541347384452819824e+00 -5.769397020339965820e-01
1.563358306884765625e+00 -5.829855799674987793e-01
1.582573890686035156e+00 -5.889323353767395020e-01
1.602388501167297363e+00 -5.917657613754272461e-01
1.620513319969177246e+00 -5.963622927665710449e-01
1.639829039573669434e+00 -6.012448072433471680e-01
1.657852172851562500e+00 -6.065102815628051758e-01
1.674265146255493164e+00 -6.123070716857910156e-01
1.691734075546264648e+00 -6.176230311393737793e-01
1.709523797035217285e+00 -6.226494908332824707e-01
1.723770260810852051e+00 -6.274695992469787598e-01
1.739879608154296875e+00 -6.320360898971557617e-01
1.753892302513122559e+00 -6.358503699302673340e-01
1.768803834915161133e+00 -6.405869722366333008e-01
1.781723380088806152e+00 -6.455103158950805664e-01
1.793872833251953125e+00 -6.476207971572875977e-01
1.807720184326171875e+00 -6.512481570243835449e-01
1.819425463676452637e+00 -6.560382843017578125e-01
1.830462694168090820e+00 -6.607635617256164551e-01
1.841507196426391602e+00 -6.651027798652648926e-01
1.852244496345520020e+00 -6.709961295127868652e-01
1.862956643104553223e+00 -6.751133799552917480e-01
1.871386885643005371e+00 -6.780346632003784180e-01
1.879396200180053711e+00 -6.821073293685913086e-01
1.888284564018249512e+00 -6.848914027214050293e-01
1.893885850906372070e+00 -6.887727379798889160e-01
1.901791572570800781e+00 -6.936782002449035645e-01
1.907473444938659668e+00 -6.988884806632995605e-01
1.911780238151550293e+00 -7.022885680198669434e-01
1.915778279304504395e+00 -7.080216407775878906e-01
1.916107773780822754e+00 -7.121334671974182129e-01
1.917056798934936523e+00 -7.173057198524475098e-01
